1000

1813 2 282 117

4825 5 500 63 231 468 386

938 4 149 313 283 368

1327 3 212 478 303

432 1 30

3879 1 63

4866 1 166

4214 1 195

383 1 453

1793 4 45 110 72 488

3556 2 146 446

2478 5 382 299 394 419 10

4745 5 126 291 267 264 347

1721 4 170 54 6 13

4609 2 496 44

3143 4 214 156 343 371

3405 3 372 90 323

4007 4 389 391 336 490

1283 2 108 408

1270 1 414

1834 3 119 320 61

1931 5 24 25 94 70 52

4748 4 99 29 424 224

25 1 115

717 5 403 321 434 453 281

3916 5 8 369 434 405 395

3744 1 239

18025 5 3892 41 8636 8275 533

54 1 59

292 3 355 297 58

1886 4 188 219 349 451

92536 2 7438 9542

2068 4 1 249 197 101

1603 2 120 11

74113 3 4269 7417 1380

4735 2 206 425

161 5 359 378 478 165 93

2633 2 105 171

4596 1 24

814 4 344 50 149 474

3846 1 15

413 4 371 57 374 466

1165 5 81 409 153 307 268

1392 2 4591 6366

2121 5 133 419 246 382 474

735 1 321

2082 5 98 230 40 481 141

3140 2 178 383

1148 5 462 332 32 261 467

226 2 181 487

2863 1 77

4331 3 124 11 464

585 4 250 129 416 87

1045 5 479 250 484 387 418

4129 5 177 283 49 470 294

2646 1 294

3894 4 111 15 463 232

904 1 108

688 4 99 348 214 186

347 1 151

2851 3 207 490 398

1040 2 204 412

431 3 309 151 472

1649 2 333 435

3052 1 53

63589 5 5059 328 9298 798 6306

1922 1 234

1216 2 10 389

3781 1 187

1117 4 342 384 17 370

3415 3 120 228 213

1009 5 271 141 387 435 335

2551 1 338

3054 4 137 189 365 16

549 3 412 210 207

465 2 484 48

4684 2 440 252

3203 1 9

4068 5 363 431 108 464 166

74529 4 1366 6673 5804 6593

1491 1 306

2730 3 446 322 231

3874 3 139 46 111

3677 4 68 33 206 208

3219 4 260 97 178 175

1808 5 139 423 378 146 221

109 5 386 497 300 447 341

1915 4 481 435 477 208

26885 1 9916

183 4 327 81 404 126

3218 1 6

1178 1 317

29104 2 6206 6110

2636 5 351 130 376 331 111

3553 3 270 366 115

1206 2 177 395

9533 5 5200 2653 8193 5203 810

3626 1 79

4147 3 135 143 285

64488 4 5168 672 9676 1306

3602 2 118 67

86641 1 1693

2224 2 424 110

4637 4 367 122 37 261

4516 5 26 15 389 53 404

2747 1 476

3384 5 233 168 20 58 326

1074 2 48 61

234 2 86 163

3227 3 176 153 174

3792 2 58 267

4062 4 453 107 410 483

3027 2 147 354

84 5 132 243 386 315 233

2904 1 247

72138 4 2935 9259 6691 485

726 2 292 72

1952 2 215 92

2406 2 295 271

1800 4 434 9 470 153

53 4 322 337 165 375

1843 4 481 92 232 125

4215 3 176 269 189

3348 3 222 343 134

3097 5 373 391 154 328 197

131 1 282

3682 3 295 247 316

4485 4 330 454 276 305

3822 5 304 53 492 434 414

4648 2 473 54

89902 1 7165

4558 4 122 397 144 25

4860 1 459

2856 3 441 270 349

14 3 220 286 71

2339 5 415 311 439 271 222

208 5 221 436 325 14 431

3722 3 347 193 169

1370 2 488 304

50528 5 4323 1029 5085 8916 9116

4071 2 143 363

4 2 196 24

2786 4 240 327 326 275

1903 3 9 283 482

2291 1 382

3709 3 101 379 328

3554 1 226

2182 2 418 228

4504 3 460 193 385

22182 4 8946 2829 5823 6049

2283 4 478 261 190 405

2850 2 325 228

1351 1 99

645 2 181 340

2374 5 282 127 78 386 37

92904 5 503 4581 9402 8625 1094

2853 2 243 438

264 2 280 7

1564 2 47 199

818 5 8 70 332 347 138

4724 2 436 255

161 2 175 404

377 2 459 124

1695 4 195 336 460 364

4005 3 392 472 169

1374 3 272 6 486

3030 2 32 99

457 2 414 292

436 1 204

4375 3 401 5189 9262

4786 2 421 236

2539 2 52 491

22064 2 840 8958

1252 1 300

2667 3 216 161 31

469 1 386

3233 4 261 13 122 246

151 5 197 105 181 422 29

2828 1 217

1977 5 160 121 15 366 45

1735 5 284 335 114 160 459

1344 4 194 455 77 492

1664 4 357 88 4 328

2423 3 312 8 387

3982 2 74 241

2373 5 356 215 116 491 76

3520 2 394 364

1096 5 250 34 364 186 223

2986 1 335

2504 1 497

3706 1 268

17 1 403

467 4 197 416 67 131

3456 5 34 327 220 457 50

3696 1 134

4849 3 177 62 418

3502 5 118 454 443 53 378

1945 3 90 21 234

3407 5 158 425 334 51 274

29374 2 5263 7440

994 1 416

283 2 158 346

2416 4 87 396 356 122

3787 4 373 484 350 296

196 1 409

4324 5 219 390 384 337 83

99 3 121 152 286

1847 1 219

4481 3 7 29 265

610 1 115

357 5 203 404 324 71 17

4755 1 315

1667 1 424

3984 3 82 360 90

4727 2 103 29

1674 2 43 252

1396 2 149 350

2841 3 387 431 47

1676 2 485 264

2693 5 77 155 14 431 365

1678 4 295 266 278 206

82845 5 6699 8222 2623 3302 1675

19 2 399 415

2229 1 102

3091 4 333 7 475 352

2207 3 310 214 224

1618 3 262 311 83

1222 1 32

2687 1 436

4552 2 481 260

2973 2 419 132

70844 1 9571

3994 4 413 118 219 254

2221 5 68 269 309 246 98

3453 2 263 325

1762 5 469 281 148 409 320

146 2 284 303

3241 5 179 264 69 229 332

11428 3 1632 6784 5507

225 1 86

406 4 406 258 407 294

762 1 127

528 3 436 17 63

4648 3 34 146 88

3706 1 6311

49891 5 174 990 3447 4380 4183

4285 3 98 469 404

83785 5 1532 5357 3520 9828 7408

4609 4 143 140 168 283

4444 5 79 109 492 83 126

2756 2 243 266

3133 2 166 209

2936 2 412 422

1417 1 338

46669 3 9534 6170 7896

1301 5 265 83 452 230 317

1993 3 346 368 248

920 4 34 238 276 170

1016 1 384

1957 3 41 217 63

4175 4 424 206 292 241

4459 4 390 312 349 288

4713 4 446 154 184 491

1768 5 288 327 253 308 71

4379 5 430 431 21 235 300

4673 4 23 84 349 324

433 4 394 12 10 49

3583 4 136 464 460 471

3797 1 432

4044 5 380 270 108 293 369

1812 5 136 336 229 219 58

4055 2 222 404

2493 5 53 114 416 235 137

2306 3 215 396 158

1188 4 324 76 63 75

1484 1 301

3445 1 112

3408 2 444 191

854 1 16

38199 4 8341 5143 7649 8246

3433 1 134

486 5 165 338 193 441 481

1251 1 463

4656 4 29 163 99 39

1861 3 47 381 353

4351 1 123

2242 1 238

1764 5 236 379 122 351 199

2850 2 213 196

1981 1 43

952 5 429 53 272 109 440

2996 3 286 345 386

1838 5 180 340 248 57 36

1276 3 203 157 484

4874 2 490 343

4337 1 300

2547 5 104 354 348 30 203

1344 3 336 287 116

3989 3 149 102 118

3606 1 206

3608 4 471 30 236 131

1560 5 137 148 271 183 310

1653 5 168 285 452 327 234

3678 1 429

3828 3 214 295 498

39998 2 8184 4676

3948 4 151 232 95 66

2619 1 135

815 3 411 487 438

965 2 80 81

2611 2 330 334

1955 2 178 286

1299 2 7 296

1171 4 421 413 343 210

3365 5 348 184 327 86 133

3621 2 392 491

1578 3 136 419 211

4713 1 308

3429 2 35 201

3258 1 81

2068 1 174

97217 2 6570 3975

109 5 240 238 382 241 498

4783 3 470 401 336

4527 1 362

1913 3 130 96 107

4705 1 488

2036 5 302 457 232 77 346

592 2 251 76

4703 5 467 186 357 43 30

76702 2 3553 5787

1654 3 473 310 39

3933 5 146 75 494 477 432

2776 1 125

720 3 86 382 185

379 2 415 231

3375 1 24

163 5 402 400 435 81 244

1301 3 243 148 181

1836 3 182 318 430

1910 3 42 183 333

4453 4 392 61 130 355

2899 4 403 489 118 52

3351 1 234

195 2 227 264

4805 5 414 163 154 500 249

239 4 84 421 372 492

3022 2 290 12

4169 5 475 89 295 500 224

561 5 11 215 124 408 178

1152 1 169

1734 5 28 261 105 19 26

2920 3 410 396 225

3076 1 120

207 4 51 61 106 93

4856 3 34 94 492

2298 1 468

4943 1 396

63354 4 2040 8340 2037 3931

2443 4 91 301 21 388

2912 5 139 299 472 229 278

697 1 331

1617 5 240 24 102 100 30

3329 5 308 253 74 11 97

2526 5 408 225 47 258 102

231 2 169 7

208 4 280 387 320 409

1375 4 463 352 247 231

644 2 346 126

3312 5 100 287 77 122 78

79 5 230 436 142 51 117

4400 5 280 237 284 351 214

3343 3 208 464 181

4179 5 293 235 209 252 55

4281 4 458 205 425 207

2865 2 399 108

2872 5 10 39 420 5 160

1424 4 208 387 98 24

55601 3 6019 584 9635

2764 1 197

2635 4 49 37 44 262

30562 2 5249 9269

2023 1 207

2202 2 479 220

1204 1 76

2413 1 137

2703 1 118

3431 4 428 341 197 74

1751 1 77

92 5 114 382 119 218 109

3122 3 188 195 455

685 4 256 361 301 366

1808 3 496 323 210

1248 5 72 146 179 48 95

2848 2 299 475

2168 5 272 129 462 51 459

533 3 320 69 211

2683 5 419 456 165 452 147

4085 1 259

1760 3 236 311 475

1104 1 35

4041 3 210 432 160

345 2 297 38

875 2 376 295

4757 2 74 156

1581 1 121

55856 1 1311

4147 2 413 484

2966 3 282 424 330

1643 3 251 44 107

3680 2 364 426

1737 5 135 23 25 218 203

1834 4 67 32 230 26

1287 3 74 159 176

736 3 53 78 23

3126 3 429 126 416

2174 5 159 355 146 363 190

1429 4 203 162 111 141

4559 4 22 321 305 247

2851 4 167 131 399 498

2485 2 452 423

2222 4 93 142 2 185

3750 1 415

2527 5 444 498 499 71 376

2990 1 421

90342 5 9612 5411 9239 6498 5834

937 3 48 450 275

1427 5 499 202 476 90 4

508 2 394 34

38859 2 5055 2070

4822 1 465

2399 1 50

2484 5 99 47 313 438 182

620 1 328

156 2 307 202

4195 1 254

4259 4 412 469 319 24

3116 3 396 431 379

2674 5 176 472 152 156 200

65574 1 7408

3538 5 333 81 60 130 376

1230 3 293 361 320

1118 2 355 324

97322 5 4403 7716 6985 2602 1704

2556 5 19 229 434 220 22

2752 1 406

2134 5 483 233 199 267 8

1347 2 299 470

86789 3 4637 2337 5808

3244 3 495 89 145

4045 4 339 362 88 427

162 3 96 476 492

958 4 466 194 393 433

526 2 121 303

4901 2 74 46

1290 1 9

4192 4 194 88 34 97

3239 4 381 338 462 172

1099 5 317 132 215 111 114

3170 2 223 202

1114 2 138 132

714 2 432 458

2466 2 349 480

3671 5 364 213 424 201 48

4260 4 296 167 184 487

2523 1 339

642 4 101 89 232 93

114 5 105 360 167 45 101

3700 3 80 111 500

2288 1 158

4818 4 229 393 388 259

167 1 237

3876 5 97 408 129 288 157

4705 1 436

993 5 34 1 24 215 51

887 4 86 342 465 190

2566 2 65 362

2879 1 417

4484 4 413 301 474 38

1665 5 159 498 59 337 273

1986 5 139 156 135 116 351

4984 4 120 476 466 68

770 1 192

3052 1 274

1210 5 64 42 158 322 39

2343 2 309 351

2708 4 401 157 255 14

663 3 492 387 408

2289 2 481 261

3987 3 484 323 293

2204 1 169

36816 5 7094 1518 7117 9761 4955

2533 2 172 163

3547 4 395 315 233 262

1356 4 477 9 18 334

4162 2 268 144

2672 4 250 351 132 497

79387 2 4093 7086

903 2 464 16

890 3 152 220 130

4686 4 488 467 184 305

4732 4 66 37 472 217

3742 3 444 8 186

4926 3 199 330 251

97 5 226 272 215 133 350

3666 3 482 312 218

1945 1 182

206 2 271 445

975 1 320

4696 5 341 135 376 205 166

4499 2 294 117

923 2 29 75

334 4 259 12 261 382

724 4 347 163 449 26

2195 5 226 189 367 302 148

4250 2 392 438

4698 2 389 103

125 4 257 282 290 202

4468 4 414 54 50 415

891 4 33 388 299 156

3331 2 126 226

64187 3 8583 4969 7445

1816 2 237 185

2070 5 164 382 383 78 139

4796 3 295 56 221

168 5 28 405 486 155 12

3312 5 280 262 445 165 364

1549 4 459 181 199 316

3662 4 500 328 29 215

4520 1 212

4423 5 204 224 330 30 498

1317 5 458 188 421 356 116

4723 5 401 399 152 427 142

1565 1 461

2799 1 333

3202 5 18 468 121 346 255

3153 4 314 318 494 34

1844 1 34

2345 5 262 270 152 190 86

1221 2 482 247

65311 5 1482 4749 5517 3578 9985

266 5 463 161 271 408 461

4098 2 407 277

1321 3 437 162 348

2962 4 254 408 200 380

2707 4 294 443 389 50

232 3 171 96 81

654 3 351 340 117

2897 2 336 303

4344 2 138 5

1170 2 65 174

2050 2 50 140

1823 1 271

114 5 168 351 233 80 73

1483 2 48 470

973 5 436 200 223 34 394

2609 4 120 405 35 280

3168 4 254 337 197 157

4174 2 304 477

1984 1 205

2048 1 213

4178 1 411

404 2 63 212

1361 2 341 128

2611 1 219

863 4 415 252 405 361

3335 2 21 232

418 3 107 317 259

4401 3 425 276 328

2468 5 430 465 158 172 38

2465 1 368

2689 4 47 164 112 262

2047 3 248 466 285

8699 4 5321 4274 8230 7449

38 5 208 71 315 332 472

916 3 310 183 259

4767 5 314 494 288 484 71

2234 5 497 322 112 462 224

1545 2 225 213

1333 1 264

4865 1 430

2759 4 98 21 137 216

1524 3 12 33 469

4466 3 379 383 62

4814 2 315 196

2126 3 319 157 163

4422 4 491 92 375 196

2692 4 294 135 124 207

1044 4 292 441 89 175

2342 4 351 238 112 477

4876 2 398 386

3961 5 487 14 462 110 92

76745 3 3131 1669 8538

2312 5 414 427 295 270 371

77049 3 8338 5651 2230

4423 5 293 43 163 234 375

1107 1 240

70667 2 3391 2864

3270 2 489 68

29644 1 5845

1600 4 393 16 493 337

4446 2 431 243

3232 2 338 177

2610 4 397 355 346 42

2431 3 182 80 83

4760 4 125 171 445 1

3058 3 217 273 279

561 5 390 293 80 322 20

2631 5 174 251 255 207 435

508 3 363 147 241

3789 2 440 179

3655 5 338 347 450 213 103

136 1 181

4364 5 157 142 183 35 27

891 4 254 468 141 461

1451 1 206

1055 4 424 168 251 458

2474 2 137 289

322 5 345 145 24 38 135

3284 2 365 320

1392 3 58 132 102

3353 5 365 108 22 226 367

1821 4 33 144 24 377

2971 4 162 7 328 450

886 3 149 43 73

1778 1 181

333 5 179 156 18 142 293

2134 2 60 221

3943 4 59 413 286 255

3468 1 216

4110 4 398 141 127 307

3662 5 298 290 183 109 173

2443 1 86

2134 1 334

10126 4 7890 5759 4241 2621

2438 5 192 49 183 371 240

3568 4 18 34 20 172

3760 3 333 87 466

2201 4 487 272 346 287

4142 1 256

2484 4 59 97 307 421

3455 4 223 204 132 357

1671 3 138 94 448

3763 1 496

39876 5 8335 7991 8900 8357 2332

1512 2 260 484

2964 1 486

1257 4 196 289 403 71

2565 3 319 421 293

3544 2 234 116

2400 1 114

2990 4 231 3 111 90

52830 1 7466

1447 2 238 192

2124 2 335 428

3162 2 45 471

227 5 315 393 102 2 494

4560 2 27 372

4412 4 347 42 20 272

1508 1 86

4157 2 141 379

4895 4 409 275 95 229

19671 4 9427 5228 7670 5387

2519 5 97 50 227 395 10

950 1 236

208 1 286

4221 4 251 115 14 350

18966 4 3528 4174 1937 2015

69663 1 8777

495 4 302 463 213 29

386 2 435 473

3490 5 216 226 332 470 26

37780 1 2720

2684 3 493 365 73

3653 5 21 42 205 136 3

4554 4 126 23 166 254

2300 4 438 92 261 453

971 3 399 424 107

1422 3 166 120 461

2292 4 153 144 159 442

834 1 68

1426 3 120 289 273

3760 2 252 500

2915 2 295 326

4497 4 454 288 7 91

282 5 224 134 234 58 281

640 2 428 396

2964 2 120 476

217 2 61 143

3818 5 438 119 182 247 241

1443 4 273 97 162 397

3159 1 277

40141 4 5184 7330 4034 9259

3051 4 404 54 327 265

4149 2 401 32

1798 1 413

3721 5 222 61 123 1 408

2341 1 472

3856 4 127 243 350 496

4458 1 168

4563 5 181 415 79 41 460

94157 3 6868 2048 4217

3679 2 309 322

731 5 304 31 302 421 156

1648 3 357 446 121

2172 4 115 191 489 333

4892 3 319 330 167

3979 4 365 374 190 118

4549 5 383 462 21 439 246

291 1 44

3460 5 247 221 477 213 241

1914 2 224 30

4480 1 383

2910 5 423 280 43 221 180

4339 1 463

2669 2 178 334

2249 5 189 338 480 473 244

366 4 404 54 86 430

3465 4 135 174 258 156

3227 1 296

2877 3 58 184 407

633 2 81 213

4689 5 216 410 72 101 90

4582 2 315 77

3699 5 368 168 192 269 370

988 5 219 147 467 319 428

4450 4 86 173 464 379

3647 1 477

2108 4 297 241 308 172

3469 4 166 309 99 201

3803 2 448 412

76765 2 2506 8500

4616 3 474 175 332

2106 4 344 203 394 458

3247 1 91

240 4 246 406 352 3

2530 4 400 24 42 315

3196 1 1

3769 5 283 421 363 120 132

3456 3 51 164 149

3892 3 253 359 157

3733 5 142 160 387 181 78

98090 3 3505 3301 724

1071 5 169 99 329 340 431

2214 1 103

932 5 101 32 332 144 147

1296 5 41 261 206 108 176

1784 4 315 40 246 169

2787 5 26 303 203 395 289

4483 3 106 289 496

3595 1 162

4848 5 183 225 378 412 3

1459 2 78 426

105 5 195 476 471 40 496

2087 5 154 201 233 490 218

2905 5 96 490 173 198 186

3727 5 193 253 298 82 224

44 5 495 270 81 149 234

558 3 119 138 164

4756 4 468 97 457 56

1107 5 348 195 73 490 141

1083 3 323 324 91

637 5 141 482 426 191 431

4569 1 396

4530 2 269 113

1526 3 438 428 429

4578 1 6468

3627 3 226 111 50

3254 3 336 114 440

4618 5 419 48 34 498 358

2764 5 57 239 242 234 65

83627 1 3049

1412 4 28 184 26 436

4408 5 330 244 219 431 282

4897 4 194 465 320 307

4323 5 130 350 280 138 435

634 1 201

3173 4 209 391 379 491

1120 5 337 250 75 216 459

1519 5 82 495 364 472 230

4344 3 322 277 192

2628 5 419 306 385 104 120

1465 3 333 364 385

854 1 185

5156 5 1401 7158 6320 7939 1868

3680 2 475 329

1312 3 426 406 396

3834 1 428

57374 3 2654 6362 7194

4196 4 143 202 236 441

3212 5 379 313 206 339 381

1622 3 71 215 421

2346 1 438

858 4 432 396 35 286

611 1 101

1576 5 474 227 329 33 139

836 1 304

965 2 206 352

2980 1 42

2861 1 282

89658 5 5219 3700 1022 2212 4572

1791 4 256 69 484 120

2191 5 317 186 437 119 373

2485 3 480 10 196

4274 2 158 344

325 2 109 211

4911 5 47 295 220 279 379

2429 5 140 429 161 46 477

154 3 486 105 462

23711 4 1244 8947 5236 2506

3061 3 40 382 31

1560 1 267

2749 1 153

4998 5 488 326 476 306 457

2585 2 172 369

2063 5 6567 9482 9268 7458 3241

360 3 4972 3542 3946

943 2 294 340

98503 3 9639 1741 9803

961 3 61 273 103

3354 4 442 56 10 376

98562 3 5783 4845 5403

3007 5 371 385 2 485 156

4553 1 210

3740 2 113 11

4267 1 331

2881 1 451

290 5 284 46 206 430 475

3487 4 326 87 392 24

3489 1 38

898 5 125 167 203 45 433

811 3 81 15 313

3344 2 100 97

1673 3 104 469 267

2880 1 122

2603 5 39 69 462 234 290

178 1 24

929 1 16

1832 5 458 360 156 128 345

82399 1 4401

742 1 306

4184 5 382 111 133 315 56

4180 5 114 470 200 142 13

3283 3 117 146 445

1904 2 171 322

2924 4 5 84 193 278

1854 1 130

2464 5 39 359 6 189 397

4575 3 49 170 160

64077 4 2108 1516 7811 2621

1695 5 58 1 183 291 98

3400 5 58 198 495 128 277

4070 4 69 285 217 458

4520 5 247 179 56 500 91

4164 3 313 144 202

2303 4 401 297 305 6

3605 3 221 411 30

1636 3 236 38 218

880 4 409 198 338 126

609 3 187 310 397

837 4 347 106 284 110

49815 5 9196 752 3300 8925 3502

2412 2 64 360

2817 4 118 491 464 344

468 5 128 418 52 94 25

2369 5 71 475 84 416 400

1011 1 461

1404 3 177 238 252

4398 2 224 144

2120 1 305

1161 5 466 498 217 420 263

4154 3 87 18 331

171 4 473 278 74 224

1900 5 238 27 235 337 487

4766 1 5245

1468 1 444

3234 2 278 57

1361 4 125 314 355 177

2910 2 26 31

991 5 195 198 203 70 151

18110 5 7794 2607 4027 7362 2748

1109 5 379 355 195 123 392

885 3 468 377 404

1564 4 335 10 440 267

16834 2 5964 7362

4623 4 144 485 310 187

510 4 322 498 20 140

3943 2 182 220

1090 4 376 465 277 466

3086 5 60 397 388 286 462

1362 2 180 341

4220 5 448 77 346 280 209

80 2 477 34

67839 5 426 8016 8678 7439 5810

2929 4 126 165 175 222

1494 3 443 206 297

2754 2 192 417

3031 4 253 40 326 409

4497 2 440 184

2513 3 232 138 367

1306 2 108 377

3570 5 458 165 255 196 493

1146 1 382

2086 5 215 357 69 406 9

2843 4 185 385 408 77

86818 2 4744 5301

2163 5 19 78 483 317 211

4848 5 341 307 289 424 468

2933 3 206 372 303

930 4 78 152 233 130

2567 5 30 460 205 347 479

4686 1 11

3089 5 363 166 3 5 391

4868 5 129 228 449 391 98

4460 3 210 85 100

3920 5 216 166 162 289 261

1522 4 260 410 43 293

1102 3 329 470 80

4960 2 240 147

1681 4 489 217 347 81

3658 4 258 59 145 391

57356 4 4735 5134 9103 1851

3426 5 60 306 370 411 392

1 5 42 199 279 211 403

3634 5 18 448 435 220 157

1404 1 84

1067 4 202 42 277 63

1876 2 310 131

13740 5 6763 623 743 9873 3835

947 3 420 349 408

4743 4 217 345 200 497

3516 5 167 65 244 318 201

2258 3 121 172 32

409 3 234 365 393

2936 5 143 191 425 96 52

2251 3 187 292 189

3978 4 15 370 103 139

4007 3 181 433 143

3130 2 91 111

3708 3 225 490 445

3786 1 289

232 4 444 369 449 500

3286 1 57

3229 5 387 414 283 21 62

53837 1 8396

1991 4 178 175 130 182

61753 2 3970 3389

4280 2 289 256

951 3 117 17 94

2285 2 170 40

1577 2 461 467

28924 2 9217 8020

1236 3 179 285 457

4831 4 336 213 350 112

2089 2 41 83

38953 5 5377 6241 8661 2853 563

2533 3 307 134 373

70866 4 4442 4737 4447 9566

3196 2 459 294

4858 4 17 448 104 59

4976 1 155

3776 5 327 132 104 63 318

3443 1 487

2327 4 399 101 321 469

477 2 268 115

93241 4 9813 674 8560 3409

2521 4 329 84 222 452

4729 3 439 180 156

3893 4 67 23 86 228

3985 1 56

4502 2 31 79

20747 5 2482 3492 169 5279 3331

100 2 2932 1798

707 2 235 296

562 5 244 469 144 424 154

1952 2 436 440

3403 2 188 166

72463 1 3250

4118 2 98 340

4653 2 442 109

2512 5 471 93 481 372 178

1194 2 193 416

187 2 454 401

2745 3 261 137 153

4404 4 392 226 173 485

4051 4 217 349 28 180

851 4 25 377 442 494

1459 2 24 230

1900 2 416 423

4511 4 18 126 132 444

4744 2 355 500

4486 4 166 152 50 372

109 2 338 323

3542 5 129 438 461 246 225

3643 2 94 88

430 1 329

135 3 14 74 315

13 3 475 262 165

153 3 88 144 266

54 3 158 103 409
